MVI_20012 371 14 564 179 664 305 2.6162 0.86
MVI_20012 441 25 709 221 839 332 8.048 0.94
MVI_20012 206 11 604 374 752 530 6.183 0.81
MVI_20012 595 22 400 30 502 212 1.0185 0.69
MVI_20012 750 38 680 273 831 423 10.249 0.88
MVI_20012 533 28 729 194 876 340 7.446 0.72
MVI_20012 198 11 583 296 710 435 9.9285 0.96
MVI_20012 443 25 715 229 854 348 8.0338 0.79
MVI_20012 464 3 575 226 695 324 7.61 1.0
MVI_20012 424 15 559 246 668 366 4.3942 0.83
MVI_20012 750 38 680 273 831 423 10.249 0.8
MVI_20012 107 16 793 149 897 223 4.3888 0.93
MVI_20012 454 25 769 303 940 479 13.195 0.65
MVI_20012 526 28 707 168 829 292 6.9784 0.93
MVI_20012 664 35 695 199 808 305 7.4775 0.7
MVI_20012 418 15 556 228 657 338 3.8439 0.85
MVI_20012 457 3 558 203 661 290 3.352 0.86
MVI_20012 664 35 695 199 808 305 7.4775 0.85
MVI_20012 494 37 843 184 960 273 7.9726 0.51
MVI_20012 664 35 695 199 808 305 7.4775 0.94
MVI_20012 418 15 556 228 657 338 3.8439 0.83
MVI_20012 335 18 701 215 843 350 10.067 0.8
MVI_20012 438 15 569 307 699 468 6.3719 0.85
MVI_20012 505 27 736 252 882 382 8.4033 0.84
MVI_20012 628 22 376 40 502 265 1.0185 0.91
MVI_20012 519 28 686 145 793 254 5.22 0.62
MVI_20012 437 15 569 302 697 459 6.368 0.93
MVI_20012 493 37 851 190 961 280 8.8516 0.68
MVI_20012 519 24 583 253 695 371 6.9278 0.82
MVI_20012 434 25 689 188 800 283 6.9102 0.79
MVI_20012 1 1 500 246 608 359 6.5468 0.7
MVI_20012 525 24 589 288 720 425 9.7449 0.73
MVI_20012 107 16 793 149 897 223 4.3888 0.59
MVI_20012 494 27 704 204 816 300 6.329 0.86
MVI_20012 191 11 570 248 673 364 7.5165 0.86
MVI_20032 70 3 331 319 438 438 5.0277 0.8
MVI_20032 6 1 719 268 831 352 7.5514 0.82
MVI_20032 13 1 697 239 801 315 5.7001 0.84
MVI_20032 1 1 740 293 857 385 7.5533 0.65
MVI_20032 81 3 309 370 437 513 5.5899 0.88
MVI_20032 74 3 325 335 440 464 6.3447 0.79
MVI_20032 49 3 346 265 453 372 3.9708 0.92
MVI_20032 52 3 344 267 445 373 1.8705 0.67
MVI_20032 52 3 344 267 445 373 1.8705 1.0
MVI_20032 74 3 325 335 440 464 6.3447 0.86
MVI_20032 81 3 309 370 437 513 5.5899 0.75
MVI_20032 14 1 696 235 797 310 5.2057 0.79
MVI_20032 74 3 325 335 440 464 6.3447 0.51
MVI_20032 74 3 325 335 440 464 6.3447 0.86
MVI_20032 81 3 309 370 437 513 5.5899 0.64
MVI_20032 81 3 309 370 437 513 5.5899 0.79
MVI_20032 81 3 309 370 437 513 5.5899 0.84
MVI_20032 81 3 309 370 437 513 5.5899 0.79
MVI_20032 11 1 703 247 809 325 5.7305 0.46
MVI_20032 81 3 309 370 437 513 5.5899 0.91
MVI_20032 81 3 309 370 437 513 5.5899 0.78
MVI_20032 68 3 334 311 438 426 5.0277 0.76
MVI_20032 68 3 334 311 438 426 5.0277 0.88
MVI_20032 81 3 309 370 437 513 5.5899 0.7
MVI_20032 6 1 719 268 831 352 7.5514 0.8
MVI_20032 74 3 325 335 440 464 6.3447 0.61
MVI_20032 75 3 322 340 440 472 6.3477 0.93
MVI_20032 435 9 747 268 887 375 11.01 0.78
MVI_20032 81 3 309 370 437 513 5.5899 0.88
MVI_20032 6 1 719 268 831 352 7.5514 0.7
MVI_20032 81 3 309 370 437 513 5.5899 0.6
MVI_20032 74 3 325 335 440 464 6.3447 0.66
MVI_20032 52 3 344 267 445 373 1.8705 0.58
MVI_20032 81 3 309 370 437 513 5.5899 0.82
MVI_20032 81 3 309 370 437 513 5.5899 0.81
MVI_20033 492 26 856 153 960 359 1.0799 0.86
MVI_20033 5 2 719 226 833 320 8.2206 0.91
MVI_20033 621 15 208 200 348 402 9.82 0.97
MVI_20033 491 26 858 153 960 358 1.0799 0.92
MVI_20033 568 13 212 245 337 385 8.5569 0.91
MVI_20033 581 13 91 328 278 507 12.625 0.71
MVI_20033 63 1 171 316 285 448 5.7991 0.96
MVI_20033 637 15 16 300 262 540 11.654 0.79
MVI_20033 559 13 262 209 362 317 5.1248 0.95
MVI_20033 63 1 171 316 285 448 5.7991 0.91
MVI_20033 563 13 242 224 351 342 6.4402 0.75
MVI_20033 632 15 89 259 297 532 11.942 0.97
MVI_20033 631 15 104 251 304 530 12.865 0.54
MVI_20033 583 13 67 344 267 525 12.632 0.75
MVI_20033 56 1 191 295 295 409 4.3214 0.57
MVI_20033 581 13 91 328 278 507 12.625 0.83
MVI_20033 434 16 670 248 776 346 6.0233 0.76
MVI_20033 629 15 128 240 313 501 12.865 0.77
MVI_20033 498 26 844 153 960 363 1.0799 0.71
MVI_20033 581 13 91 328 278 507 12.625 0.88
MVI_20033 582 13 79 336 273 516 12.63 0.8
MVI_20033 578 13 128 303 296 479 12.628 0.78
MVI_20033 63 1 171 316 285 448 5.7991 0.85
MVI_20033 622 15 200 204 344 411 9.8219 0.73
MVI_20033 156 8 813 230 930 317 6.9275 0.8
MVI_20033 577 13 140 295 302 470 10.047 0.56
MVI_20033 80 1 87 406 248 540 4.9293 0.86
MVI_20033 149 8 847 264 960 356 6.0394 0.66
MVI_20033 614 15 252 172 376 341 7.4726 0.82
MVI_20033 495 26 850 153 960 361 1.0799 0.84
MVI_20033 581 13 91 328 278 507 12.625 0.55
MVI_20033 581 13 91 328 278 507 12.625 0.66
MVI_20033 5 2 719 226 833 320 8.2206 0.56
MVI_20033 631 15 104 251 304 530 12.865 0.78
MVI_20033 637 15 16 300 262 540 11.654 0.84
MVI_20034 680 22 343 322 493 506 8.5141 0.89
MVI_20034 702 32 270 245 370 336 6.1591 0.85
MVI_20034 674 39 718 225 826 310 3.9231 0.94
MVI_20034 674 39 718 225 826 310 3.9231 0.71
MVI_20034 664 22 398 234 506 362 5.7597 0.91
MVI_20034 659 22 407 213 508 331 4.6163 0.71
MVI_20034 658 22 408 209 508 326 4.6213 1.0
MVI_20034 369 13 159 278 310 444 15.652 0.77
MVI_20034 537 19 380 251 480 352 7.9851 0.89
MVI_20034 660 22 406 217 508 335 4.6163 0.91
MVI_20034 712 32 214 301 337 418 9.5397 0.75
MVI_20034 665 25 212 190 333 329 5.5082 1.0
MVI_20034 429 50 1 205 289 533 3.1485 0.72
MVI_20034 659 22 407 213 508 331 4.6163 0.93
MVI_20034 399 23 633 294 768 419 6.0003 0.6
MVI_20034 664 22 398 234 506 362 5.7597 0.85
MVI_20034 665 39 741 247 860 347 4.6939 0.84
MVI_20034 706 32 249 265 358 365 7.8476 0.73
MVI_20034 674 39 718 225 826 310 3.9231 0.6
MVI_20034 770 36 199 301 331 433 12.17 0.91
MVI_20034 430 50 1 210 286 534 3.1485 0.93
MVI_20034 583 24 369 295 483 414 8.4673 0.7
MVI_20034 389 49 647 78 764 218 1.441 0.94
MVI_20034 771 36 192 310 329 445 12.17 0.68
MVI_20034 492 30 745 240 875 345 4.4601 0.86
MVI_20034 660 22 406 217 508 335 4.6163 0.78
MVI_20034 677 22 352 302 497 478 8.3695 1.0
MVI_20034 442 27 607 269 732 388 4.9709 0.78
MVI_20034 582 24 373 288 484 405 8.4681 0.72
MVI_20034 415 50 76 151 326 451 10.2 0.93
MVI_20034 303 10 255 257 356 347 8.5495 0.5
MVI_20034 660 22 406 217 508 335 4.6163 0.74
MVI_20034 444 27 605 263 725 377 4.9808 0.58
MVI_20034 707 32 244 271 355 373 7.8511 0.72
MVI_20034 672 22 367 274 501 427 7.5104 0.91
MVI_20035 327 13 656 415 827 532 8.4384 0.86
MVI_20035 717 29 633 285 759 403 6.5385 0.82
MVI_20035 656 59 363 358 483 506 9.7355 0.77
MVI_20035 380 14 724 216 830 298 3.9982 0.76
MVI_20035 696 61 387 226 487 336 5.433 0.84
MVI_20035 329 13 647 390 816 528 8.4243 0.6
MVI_20035 704 61 366 267 478 401 8.8726 0.88
MVI_20035 238 38 262 230 366 318 3.8366 0.7
MVI_20035 205 9 796 230 911 325 5.4285 0.95
MVI_20035 39 31 384 339 517 488 9.2518 0.74
MVI_20035 86 33 285 229 385 334 3.1857 0.8
MVI_20035 630 56 225 228 327 357 5.4541 0.83
MVI_20035 331 13 638 366 806 524 8.4526 0.51
MVI_20035 702 61 373 255 481 382 6.7499 0.79
MVI_20035 88 33 280 233 383 340 3.1876 0.6
MVI_20035 39 31 384 339 517 488 9.2518 0.7
MVI_20035 384 46 192 268 311 375 5.6841 0.86
MVI_20035 377 46 222 242 326 340 4.7788 0.75
MVI_20035 11 6 824 320 960 499 10.458 0.51
MVI_20035 87 33 283 231 385 337 3.1879 0.84
MVI_20035 88 33 280 233 383 340 3.1876 0.83
MVI_20035 87 33 283 231 385 337 3.1879 0.74
MVI_20035 650 59 387 300 489 432 11.468 0.85
MVI_20035 708 29 653 349 807 487 10.569 0.66
MVI_20035 468 17 809 214 915 300 5.5349 0.77
MVI_20035 752 62 345 326 471 473 12.261 0.49
MVI_20035 650 59 387 300 489 432 11.468 0.83
MVI_20035 330 12 696 184 799 274 4.0715 0.76
MVI_20035 343 45 410 280 512 388 7.0648 0.7
MVI_20035 465 17 816 223 926 313 4.5068 0.7
MVI_20035 776 51 153 275 267 377 5.6892 0.65
MVI_20035 601 57 345 316 469 451 11.008 0.58
MVI_20035 380 14 724 216 830 298 3.9982 0.61
MVI_20035 383 46 197 264 314 370 5.6855 0.7
MVI_20035 601 57 345 316 469 451 11.008 0.77
MVI_20051 666 26 540 320 672 491 10.238 0.83
MVI_20051 369 13 388 241 491 330 4.3092 0.88
MVI_20051 426 18 557 312 686 478 9.2467 0.94
MVI_20051 22 1 406 271 517 427 6.9914 0.73
MVI_20051 298 8 432 276 534 381 5.0802 0.88
MVI_20051 777 31 597 207 698 339 6.1908 0.53
MVI_20051 161 4 389 335 518 469 9.0378 0.88
MVI_20051 744 36 789 194 903 290 8.5791 0.74
MVI_20051 377 13 361 268 477 371 5.5921 1.0
MVI_20051 267 10 600 295 709 427 7.6025 0.71
MVI_20051 195 5 379 283 479 387 4.8265 0.77
MVI_20051 405 13 187 420 381 540 6.1101 0.83
MVI_20051 253 6 396 305 524 437 5.1586 0.48
MVI_20051 824 33 536 280 645 416 10.618 0.71
MVI_20051 592 22 442 257 553 365 5.6406 0.59
MVI_20051 300 8 427 284 532 392 5.0728 0.66
MVI_20051 114 3 408 285 518 390 6.3195 0.84
MVI_20051 551 20 430 246 532 346 4.9127 0.83
MVI_20051 730 36 858 288 960 422 10.946 0.38
MVI_20051 155 4 417 300 531 413 6.9175 0.88
MVI_20051 298 8 432 276 534 381 5.0802 0.8
MVI_20051 198 5 374 295 481 405 4.8244 0.78
MVI_20051 828 33 521 312 644 468 10.613 0.71
MVI_20051 699 27 362 249 483 364 6.5753 0.66
MVI_20051 22 1 406 271 517 427 6.9914 0.83
MVI_20051 622 25 605 290 715 421 8.6967 0.44
MVI_20051 421 18 569 278 681 419 6.5283 0.86
MVI_20051 748 36 776 175 880 263 6.6055 0.71
MVI_20051 651 24 389 236 489 332 4.6512 0.9
MVI_20051 17 1 422 248 522 390 5.3706 0.72
MVI_20051 340 11 414 289 522 392 5.7004 0.64
MVI_20051 349 11 386 331 514 458 6.6399 0.73
MVI_20051 744 36 789 194 903 290 8.5791 0.56
MVI_20051 703 27 343 267 476 391 6.5757 0.72
MVI_20051 349 11 386 331 514 458 6.6399 0.86
MVI_20052 106 5 576 326 742 531 5.901 0.83
MVI_20052 508 41 831 219 960 319 6.4153 0.79
MVI_20052 226 15 390 248 503 408 7.7663 0.97
MVI_20052 306 32 775 171 879 253 6.1759 0.67
MVI_20052 598 39 609 250 726 380 6.8728 0.88
MVI_20052 88 5 585 211 696 358 6.1416 0.67
MVI_20052 296 8 377 296 509 438 8.9693 0.96
MVI_20052 582 38 416 363 572 540 8.9699 0.86
MVI_20052 584 38 409 376 569 540 4.6097 1.0
MVI_20052 601 39 608 267 732 405 6.8728 0.91
MVI_20052 76 3 388 264 509 388 5.9577 0.82
MVI_20052 463 28 396 185 524 356 4.4465 0.93
MVI_20052 601 39 608 267 732 405 6.8728 0.58
MVI_20052 579 38 425 344 576 518 6.1976 0.96
MVI_20052 22 1 414 219 518 323 5.1879 0.71
MVI_20052 591 39 612 216 713 328 5.9116 0.79
MVI_20052 367 20 391 205 500 321 3.7881 0.95
MVI_20052 609 37 263 313 441 509 9.287 0.94
MVI_20052 133 6 209 383 407 540 8.8209 0.63
MVI_20052 23 1 410 222 516 328 5.1672 0.88
MVI_20052 603 39 608 279 736 426 8.1901 0.88
MVI_20052 602 39 608 273 734 415 8.1877 0.83
MVI_20052 409 27 558 316 691 469 8.4453 0.85
MVI_20052 609 37 263 313 441 509 9.287 0.82
MVI_20052 408 20 197 393 403 540 5.1899 0.86
MVI_20052 377 20 360 231 483 373 5.3302 0.68
MVI_20052 373 23 519 274 639 425 6.2444 0.86
MVI_20052 329 21 431 306 576 457 8.5268 0.8
MVI_20052 22 1 414 219 518 323 5.1879 0.85
MVI_20052 294 32 814 227 944 328 7.8648 0.77
MVI_20052 564 38 475 262 594 394 5.9548 0.65
MVI_20052 598 39 609 250 726 380 6.8728 0.69
MVI_20052 263 29 860 110 960 197 3.7814 0.5
MVI_20052 609 37 263 313 441 509 9.287 0.82
MVI_20052 598 39 609 250 726 380 6.8728 0.74
MVI_20061 355 23 522 411 668 540 4.452 0.8
MVI_20061 395 25 669 239 776 335 5.69 0.88
MVI_20061 487 51 851 69 960 173 1.2439 0.87
MVI_20061 609 33 578 280 687 451 8.8084 0.59
MVI_20061 277 20 554 290 656 398 5.4148 0.88
MVI_20061 398 24 584 367 721 523 6.1546 0.6
MVI_20061 398 24 584 367 721 523 6.1546 0.88
MVI_20061 254 50 813 48 938 154 1.1213 0.93
MVI_20061 644 34 497 276 597 390 7.6832 0.95
MVI_20061 661 35 757 328 924 505 13.358 0.83
MVI_20061 314 22 436 324 565 459 8.5525 0.8
MVI_20061 486 51 853 69 960 174 1.2439 0.83
MVI_20061 417 25 769 372 935 524 9.4948 0.6
MVI_20061 396 24 583 353 714 510 8.1201 0.82
MVI_20061 654 35 723 276 854 409 9.9618 0.66
MVI_20061 55 2 573 298 678 407 5.6399 0.74
MVI_20061 407 25 715 295 850 423 9.4492 0.81
MVI_20061 446 28 722 318 860 452 10.127 0.77
MVI_20061 488 51 849 69 960 172 1.2439 0.54
MVI_20061 313 22 439 318 566 448 7.1582 0.88
MVI_20061 800 39 551 302 661 423 7.7854 0.68
MVI_20061 276 20 554 286 655 392 5.4148 0.78
MVI_20061 295 20 557 401 705 540 7.9824 0.79
MVI_20061 497 31 756 300 893 424 8.7662 0.8
MVI_20061 550 32 546 242 649 390 6.1646 0.69
MVI_20061 322 22 406 378 555 525 6.9559 0.57
MVI_20061 492 29 557 260 664 386 4.9061 0.83
MVI_20061 491 51 842 69 960 169 1.2439 0.73
MVI_20061 729 36 532 270 633 382 6.7124 0.78
MVI_20061 487 51 851 69 960 173 1.2439 0.7
MVI_20061 300 22 475 255 577 352 4.2588 0.56
MVI_20061 141 4 548 305 653 417 7.9233 0.55
MVI_20061 395 25 669 239 776 335 5.69 0.5
MVI_20061 495 31 748 291 877 408 8.7542 0.8
MVI_20061 55 2 573 298 678 407 5.6399 0.77
MVI_20062 344 13 519 303 673 505 5.9965 0.94
MVI_20062 345 14 683 200 786 292 5.886 0.88
MVI_20062 477 15 543 319 692 520 5.2806 0.9
MVI_20062 482 15 543 349 703 540 3.6661 0.8
MVI_20062 104 5 627 351 791 510 10.048 0.75
MVI_20062 517 19 588 347 740 540 9.3379 0.67
MVI_20062 311 13 495 208 604 331 2.7153 0.92
MVI_20062 469 15 547 282 676 461 6.1182 0.81
MVI_20062 86 5 581 237 689 342 6.7849 0.95
MVI_20062 307 13 491 200 597 320 2.799 0.86
MVI_20062 445 20 742 285 878 420 10.162 0.7
MVI_20062 347 13 522 317 683 526 5.9981 0.9
MVI_20062 369 14 770 338 940 500 10.727 0.5
MVI_20062 328 13 511 244 635 396 4.0552 0.96
MVI_20062 446 20 747 295 888 434 13.517 0.67
MVI_20062 613 24 583 339 714 484 8.8807 0.79
MVI_20062 355 14 712 244 838 357 7.3861 0.84
MVI_20062 216 12 749 287 894 425 8.9538 0.77
MVI_20062 553 28 381 70 510 294 1.3453 0.46
MVI_20062 36 3 587 263 688 367 5.9887 0.78
MVI_20062 607 24 583 299 698 420 6.7802 0.71
MVI_20062 106 5 635 369 810 522 10.048 0.59
MVI_20062 328 13 511 244 635 396 4.0552 0.85
MVI_20062 437 20 713 236 825 340 8.119 0.7
MVI_20062 475 15 543 308 688 511 6.3413 0.91
MVI_20062 306 13 490 199 595 317 2.8002 0.6
MVI_20062 339 13 518 279 662 464 6.8382 0.97
MVI_20062 468 15 547 278 674 454 6.1182 0.83
MVI_20062 609 24 583 312 703 441 8.8769 0.72
MVI_20062 606 28 332 101 512 419 1.7376 0.77
MVI_20062 442 20 731 266 858 387 10.162 0.55
MVI_20062 446 20 747 295 888 434 13.517 0.66
MVI_20062 472 15 545 295 682 486 6.3611 0.67
MVI_20062 84 4 757 303 906 439 10.791 0.74
MVI_20062 610 24 583 319 706 452 8.8832 0.74
MVI_20063 121 2 653 400 819 540 8.3064 0.8
MVI_20063 93 2 611 235 722 344 5.704 0.97
MVI_20063 733 30 66 212 498 534 2.0441 1.0
MVI_20063 644 30 291 119 505 506 1.2451 0.88
MVI_20063 500 13 586 281 708 407 4.5926 0.97
MVI_20063 108 2 635 304 768 447 6.7481 0.74
MVI_20063 520 13 605 385 764 530 6.2345 0.96
MVI_20063 474 13 550 207 650 296 2.7581 0.79
MVI_20063 95 2 615 244 728 356 5.704 1.0
MVI_20063 516 13 600 360 750 509 6.2345 0.94
MVI_20063 104 2 629 284 755 416 6.7481 0.89
MVI_20063 522 13 606 393 772 540 2.7572 0.93
MVI_20063 490 13 572 249 683 356 4.3755 0.59
MVI_20063 111 2 640 319 778 471 6.7481 0.93
MVI_20063 97 2 618 252 734 368 5.704 0.7
MVI_20063 513 13 597 341 741 493 6.2345 0.87
MVI_20063 93 2 611 235 722 344 5.704 0.86
MVI_20063 93 2 611 235 722 344 5.704 0.83
MVI_20063 642 30 291 117 505 503 1.2451 0.8
MVI_20063 105 2 631 289 759 424 6.7481 0.94
MVI_20063 503 13 589 293 715 426 5.8643 0.88
MVI_20063 500 13 586 281 708 407 4.5926 0.87
MVI_20063 514 13 598 347 744 498 6.2345 0.88
MVI_20063 481 13 561 219 664 314 2.7581 0.77
MVI_20063 660 30 277 131 509 530 1.1301 0.97
MVI_20063 513 13 597 341 741 493 6.2345 0.71
MVI_20063 739 30 68 234 500 540 1.8856 1.0
MVI_20063 643 30 291 118 505 505 1.2451 0.95
MVI_20063 499 13 584 278 705 402 4.5926 0.93
MVI_20063 643 30 291 118 505 505 1.2451 0.95
MVI_20063 506 13 591 306 722 447 5.8643 0.66
MVI_20063 505 13 590 302 720 440 5.8643 0.76
MVI_20063 92 2 610 231 720 338 5.704 0.71
MVI_20063 478 13 556 214 657 306 2.7581 0.78
MVI_20063 497 13 582 272 701 392 4.5926 0.88
MVI_20064 120 4 686 186 818 352 6.4854 0.86
MVI_20064 504 39 829 151 929 237 4.9337 0.94
MVI_20064 115 4 676 167 792 317 5.3185 0.9
MVI_20064 139 4 750 303 960 540 13.737 0.67
MVI_20064 243 3 555 277 664 396 6.5827 0.81
MVI_20064 118 4 682 178 808 337 6.4949 0.72
MVI_20064 142 1 543 330 645 460 7.3982 0.85
MVI_20064 497 39 850 171 960 263 2.8635 0.74
MVI_20064 672 36 698 226 809 324 7.1445 1.0
MVI_20064 739 40 723 386 899 540 15.941 0.74
MVI_20064 738 40 719 374 889 523 14.885 0.64
MVI_20064 115 4 676 167 792 317 5.3185 0.9
MVI_20064 241 3 555 266 660 381 4.9008 0.4
MVI_20064 142 1 543 330 645 460 7.3982 0.82
MVI_20064 649 33 742 307 883 444 10.72 0.64
MVI_20064 739 40 723 386 899 540 15.941 0.66
MVI_20064 681 36 734 286 877 417 13.35 0.73
MVI_20064 683 36 745 303 896 444 13.35 0.77
MVI_20064 115 4 676 167 792 317 5.3185 0.65
MVI_20064 241 3 555 266 660 381 4.9008 0.75
MVI_20064 738 40 719 374 889 523 14.885 0.71
MVI_20064 244 3 554 283 665 404 6.583 0.72
MVI_20064 483 23 538 358 665 499 10.582 0.71
MVI_20064 499 21 786 351 960 500 14.933 0.8
MVI_20064 115 4 676 167 792 317 5.3185 0.86
MVI_20064 739 40 723 386 899 540 15.941 0.51
MVI_20064 147 1 544 361 656 502 7.7185 0.9
MVI_20064 504 39 829 151 929 237 4.9337 0.78
MVI_20064 738 40 719 374 889 523 14.885 0.8
MVI_20064 507 21 842 435 960 540 7.5587 0.58
MVI_20064 245 3 554 288 667 410 6.5827 0.45
MVI_20064 731 40 694 298 825 424 11.648 0.58
MVI_20064 504 39 829 151 929 237 4.9337 0.55
MVI_20064 684 36 750 311 905 457 13.35 0.72
MVI_20064 738 40 719 374 889 523 14.885 0.7
MVI_20065 417 15 614 233 731 393 5.8086 0.91
MVI_20065 1031 69 731 233 878 362 8.3507 0.91
MVI_20065 686 58 858 162 961 236 5.2306 0.81
MVI_20065 703 79 417 83 532 244 1.5503 0.84
MVI_20065 379 14 600 279 729 404 5.2979 0.94
MVI_20065 426 23 788 251 926 393 7.3365 0.74
MVI_20065 906 56 609 314 733 456 6.364 0.92
MVI_20065 312 29 855 142 960 215 3.7723 0.72
MVI_20065 921 66 702 153 803 245 4.0502 1.0
MVI_20065 454 18 573 297 705 439 7.097 0.8
MVI_20065 152 12 587 257 702 364 5.4839 0.89
MVI_20065 497 20 606 294 761 503 8.6964 0.76
MVI_20065 307 16 777 336 960 511 14.482 0.7
MVI_20065 475 20 591 206 701 340 3.5891 0.82
MVI_20065 377 14 598 271 724 393 5.2979 0.73
MVI_20065 443 18 571 246 679 359 4.1365 0.72
MVI_20065 233 11 711 210 829 312 5.9912 0.81
MVI_20065 296 16 741 253 875 378 9.7285 0.85
MVI_20065 694 79 426 75 535 226 1.5982 0.68
MVI_20065 377 14 598 271 724 393 5.2979 0.94
MVI_20065 156 12 594 272 716 388 5.4934 0.88
MVI_20065 812 49 584 273 704 397 5.6734 0.87
MVI_20065 1050 64 576 384 725 540 6.9538 0.91
MVI_20065 731 44 794 311 960 457 7.6105 0.88
MVI_20065 1010 69 675 156 777 242 4.1373 0.86
MVI_20065 330 19 777 260 960 451 13.742 0.68
MVI_20065 781 45 599 335 743 505 8.0726 0.9
MVI_20065 407 15 603 201 711 336 3.6001 0.83
MVI_20065 377 14 598 271 724 393 5.2979 0.85
MVI_20065 711 79 406 87 532 261 1.5503 0.86
MVI_20065 357 14 576 208 679 301 3.9842 0.66
MVI_20065 374 14 595 258 716 377 5.3002 0.79
MVI_20065 1032 69 734 238 884 370 8.3528 0.71
MVI_20065 716 44 752 243 879 354 5.9867 0.86
MVI_20065 368 14 591 238 702 348 4.1103 0.88
